-- This module contains a static lists of all years in LOTR's fictional history
-- that deserve their own page (at least one event from this year is known).
-- This list has to be manually maintained but few/no changes are expected.

local prima_era = {
	1,
	2,
	5,
	6,
	7,
	20,
	45,
	50,
	52,
	53,
	60,
	64,
	65,
	66,
	67,
	75,
	102,
	116,
	150,
	155,
	260,
	262,
	282,
	289,
	292,
	305,
	307,
	310,
	311,
	312,
	313,
	315,
	316,
	317,
	319,
	320,
	322,
	332,
	336,
	337,
	338,
	339,
	340,
	341,
	345,
	355,
	359,
	361,
	365,
	366,
	369,
	374,
	375,
	376,
	380,
	386,
	389,
	390,
	393,
	397,
	398,
	400,
	402,
	403,
	404,
	405,
	406,
	408,
	409,
	410,
	411,
	414,
	415,
	416,
	417,
	418,
	419,
	420,
	422,
	425,
	428,
	430,
	432,
	436,
	441,
	442,
	443,
	444,
	445,
	447,
	448,
	450,
	451,
	455,
	456,
	457,
	458,
	459,
	460,
	462,
	463,
	464,
	465,
	466,
	467,
	468,
	469,
	470,
	471,
	472,
	473,
	480,
	481,
	483,
	484,
	485,
	486,
	487,
	488,
	489,
	490,
	491,
	494,
	495,
	496,
	497,
	498,
	499,
	500,
	501,
	502,
	503,
	504,
	505,
	506,
	507,
	509,
	510,
	511,
	512,
	525,
	527,
	530,
	532,
	534,
	538,
	540,
	542,
	545,
	587,
	590,
}

local seconda_era = {
   1,
   2,
   32,
   40,
   61,
   192,
   222,
   300,
   350,
   361,
   442,
   443,
   471,
   500,
   512,
   521,
   532,
   543,
   551,
   590,
   600,
   603,
   630,
   670,
   700,
   711,
   712,
   725,
   727,
   729,
   740,
   750,
   751,
   771,
   799,
   800,
   806,
   813,
   840,
   852,
   858,
   870,
   873,
   877,
   882,
   883,
   900,
   942,
   985,
   1000,
   1003,
   1075,
   1098,
   1100,
   1174,
   1200,
   1211,
   1280,
   1285,
   1320,
   1350,
   1394,
   1404,
   1474,
   1500,
   1556,
   1574,
   1590,
   1600,
   1634,
   1693,
   1695,
   1697,
   1699,
   1700,
   1701,
   1731,
   1800,
   1869,
   1873,
   1986,
   2029,
   2035,
   2136,
   2221,
   2251,
   2277,
   2280,
   2286,
   2350,
   2386,
   2406,
   2516,
   2526,
   2618,
   2630,
   2637,
   2657,
   2709,
   2737,
   2798,
   2825,
   2876,
   2899,
   2900,
   2960,
   2962,
   3033,
   3035,
   3044,
   3102,
   3117,
   3118,
   3119,
   3177,
   3209,
   3219,
   3243,
   3255,
   3261,
   3262,
   3265,
   3280,
   3299,
   3300,
   3310,
   3318,
   3319,
   3320,
   3339,
   3379,
   3399,
   3429,
   3430,
   3431,
   3434,
   3440,
   3441,
}

local  terza_era = {
  2,
  3,
  10,
  48,
  87,
  109,
  130,
  136,
  158,
  185,
  222,
  238,
  241,
  249,
  280,
  310,
  324,
  339,
  372,
  397,
  411,
  420,
  435,
  462,
  480,
  490,
  492,
  500,
  515,
  541,
  550,
  552,
  570,
  602,
  640,
  652,
  654,
  667,
  726,
  736,
  748,
  777,
  811,
  820,
  840,
  861,
  899,
  913,
  933,
  936,
  946,
  960,
  977,
  979,
  1000,
  1015,
  1029,
  1049,
  1050,
  1058,
  1062,
  1100,
  1107,
  1110,
  1126,
  1144,
  1149,
  1150,
  1191,
  1194,
  1226,
  1240,
  1248,
  1250,
  1255,
  1259,
  1260,
  1272,
  1294,
  1300,
  1304,
  1309,
  1330,
  1344,
  1349,
  1356,
  1366,
  1391,
  1409,
  1432,
  1437,
  1447,
  1448,
  1454,
  1473,
  1490,
  1516,
  1540,
  1551,
  1553,
  1577,
  1589,
  1601,
  1621,
  1630,
  1632,
  1633,
  1634,
  1635,
  1636,
  1637,
  1640,
  1670,
  1684,
  1690,
  1711,
  1731,
  1736,
  1743,
  1787,
  1789,
  1798,
  1810,
  1813,
  1832,
  1850,
  1851,
  1856,
  1864,
  1879,
  1883,
  1891,
  1896,
  1899,
  1919,
  1928,
  1934,
  1935,
  1936,
  1938,
  1939,
  1940,
  1944,
  1945,
  1960,
  1964,
  1974,
  1975,
  1976,
  1977,
  1979,
  1980,
  1981,
  1998,
  1999,
  2000,
  2002,
  2004,
  2012,
  2029,
  2035,
  2037,
  2043,
  2050,
  2060,
  2063,
  2074,
  2076,
  2080,
  2084,
  2106,
  2116,
  2124,
  2129,
  2136,
  2148,
  2156,
  2165,
  2177,
  2190,
  2204,
  2210,
  2227,
  2238,
  2244,
  2245,
  2247,
  2278,
  2289,
  2290,
  2295,
  2296,
  2319,
  2327,
  2328,
  2338,
  2340,
  2365,
  2375,
  2385,
  2395,
  2398,
  2410,
  2412,
  2430,
  2431,
  2435,
  2440,
  2449,
  2450,
  2455,
  2459,
  2460,
  2463,
  2470,
  2475,
  2477,
  2480,
  2485,
  2488,
  2489,
  2497,
  2501,
  2509,
  2510,
  2511,
  2512,
  2515,
  2523,
  2540,
  2542,
  2544,
  2545,
  2552,
  2560,
  2563,
  2567,
  2569,
  2570,
  2576,
  2585,
  2588,
  2589,
  2590,
  2594,
  2600,
  2605,
  2619,
  2620,
  2626,
  2628,
  2644,
  2645,
  2654,
  2655,
  2659,
  2662,
  2665,
  2666,
  2668,
  2670,
  2671,
  2680,
  2683,
  2685,
  2691,
  2696,
  2698,
  2699,
  2700,
  2701,
  2704,
  2710,
  2711,
  2718,
  2719,
  2722,
  2726,
  2734,
  2740,
  2741,
  2743,
  2745,
  2746,
  2747,
  2751,
  2752,
  2754,
  2757,
  2758,
  2759,
  2760,
  2763,
  2767,
  2770,
  2772,
  2774,
  2775,
  2778,
  2779,
  2780,
  2782,
  2783,
  2784,
  2787,
  2789,
  2790,
  2793,
  2795,
  2798,
  2799,
  2800,
  2801,
  2802,
  2803,
  2804,
  2805,
  2806,
  2807,
  2810,
  2811,
  2812,
  2814,
  2815,
  2816,
  2817,
  2818,
  2820,
  2822,
  2826,
  2827,
  2830,
  2832,
  2835,
  2836,
  2838,
  2840,
  2841,
  2842,
  2844,
  2845,
  2846,
  2847,
  2848,
  2849,
  2850,
  2851,
  2852,
  2854,
  2855,
  2856,
  2857,
  2858,
  2859,
  2860,
  2861,
  2862,
  2863,
  2864,
  2865,
  2866,
  2868,
  2870,
  2871,
  2872,
  2873,
  2875,
  2877,
  2878,
  2879,
  2880,
  2882,
  2883,
  2885,
  2886,
  2887,
  2890,
  2892,
  2894,
  2897,
  2900,
  2901,
  2902,
  2903,
  2904,
  2905,
  2906,
  2907,
  2908,
  2910,
  2911,
  2912,
  2913,
  2914,
  2916,
  2917,
  2918,
  2920,
  2922,
  2923,
  2925,
  2926,
  2928,
  2929,
  2930,
  2931,
  2932,
  2933,
  2934,
  2935,
  2936,
  2937,
  2938,
  2939,
  2940,
  2941,
  2942,
  2943,
  2944,
  2945,
  2946,
  2947,
  2948,
  2949,
  2950,
  2951,
  2953,
  2954,
  2955,
  2956,
  2960,
  2961,
  2963,
  2964,
  2965,
  2968,
  2969,
  2972,
  2975,
  2976,
  2977,
  2978,
  2979,
  2980,
  2981,
  2982,
  2983,
  2984,
  2985,
  2986,
  2987,
  2988,
  2989,
  2990,
  2991,
  2993,
  2994,
  2995,
  2996,
  2997,
  2998,
  2999,
  3000,
  3001,
  3002,
  3003,
  3004,
  3005,
  3006,
  3007,
  3008,
  3009,
  3010,
  3012,
  3013,
  3015,
  3016,
  3017,
  3018,
  3019,
  3020,
  3021,
}

local quarta_era = {
   2,
   4,
   6,
   7,
   8,
   9,
   10,
   11,
   12,
   13,
   14,
   15,
   17,
   19,
   20,
   21,
   22,
   30,
   31,
   33,
   34,
   41,
   42,
   43,
   48,
   60,
   61,
   63,
   65,
   67,
   80,
   82,
   91,
   95,
   112,
   120,
   121,
   137,
   171,
   185,
   220,
}

local anni_alberi = {
   1,
   13,
   1000,
   1132,
   1133,
   1140,
   1142,
   1149,
   1150,
   1151,
   1161,
   1162,
   1165,
   1169,
   1170,
   1172,
   1179,
   1182,
   1184,
   1185,
   1190,
   1300,
   1330,
   1350,
   1362,
   1400,
   1410,
   1449,
   1450,
   1469,
   1481,
   1483,
   1490,
   1492,
   1497,
   1499,
   1050,
   1085,
   1086,
   1090,
   1092,
   1099,
   1100,
   1101,
   1102,
   1104,
   1105,
   1115,
   1125,
   1128,
   1130,
   1152,
   1200,
   1230,
   1250,
   1280,
   1495,
   1496,
   1498,
   1500,
}

return {
	PE = prima_era,
	SE = seconda_era,
	TE = terza_era,
	QE = quarta_era,
	AA = anni_alberi,
}
